00000000001111111111111111111111
11101011110011011001000111011000
10000000011000010011110001111100
10100100000010101111100001010000
01100110110100100011101000111011
00000001110100101101101111001110
11110111000000001010010111111010
00011110101011000100101010100010
01000100111011011001001011110100
11000001111110111110010110001100
00000001001101110111100110100110
01111100011001010011100110011110
01001011010100011000111101011000
01001000010001100110000110101100
11011010011001100110010101001111
01001110000101010010011101001101
00010110011001100100011111111011
01111000110001010100111000111011
11001001100011000011101100101110
00100001011010101101011100001000
11000101001001011110010001011000
01111010000001111001110100101010
00010001100100100111000001101111
10011111011100010010100011000011
11000000111011110001101100011001
01100000110111111111000001100001
01110000000110000111110111101100
01000001101101011011001111101101
00000110100101111001110111010000
10101000101101100001101100110000
00011110001101010011111101110100
00001111001011111111010001100001
01000001000111111000001111011100
10110100111100010110001010000011
00110001010011111110101010100010
10111011011000110010010110000001
10000101001010111011101100001111
00000010100110001111101111011111
11001000110010111001010011001111
01100100110001000100000011101111
00110011000111011010111100111110
10000001000100010010100110100110
11000001110011010100010000000110
01110010111100101111110100011111
01101010001100110110001101011011
01011010001000111001001000101101
10001010110101000100110100100101
11101100101111000110111110101000
01001001011100010110000010101010
01100100111001100111101100100000
11001011101001010011100100100010
11000000011010001001110111100100
01110100011001111000110100001011
10111001100010111111010011100101
11000000001100011100010100110100
00101010000011001101111100000010
11011010000110011001011111010110
10001110111010100011110111011011
01000111010100101101010011011100
01100010101000011010010110101000
01101000110011110001101000011011
11000001011010100010011100111011
10110011001000101010011000100010
00010110110101111010000101100010
10110010111101101001101111111111
10100100111100110100110110010101
00010010101111010111110111100110
11001001011011110111100000010010
11001001000101100100011101101001
00110010110101010000011111010001
01000001000100101011010001100000
00000011000001100010001000100101
00011001100101100000010011111001
01111100001000010000010110011011
01100010010110011000100001010101
00000100001101110010100110110011
11010010001101011001011000000011
00000110101110100011110101100001
01001110100101011010110010111001
11001100000100110010101111011011
11000001000011100101101101010001
01001111110101001001010111101111
00001100111110000011110000010000
11010111111001011101111010001100
10111011110100110111010101101011
10001100001111110010100010100010
01101101100001111010010000011000
10010101001101110110001000010011
10000001100011100011101100010010
01000011101100000001110110001011
00011011001011110101111100101011
10101111100110101001010100111011
11111011000100001111011101110100
00110100111110000010100101000101
00101111110111111100100000001111
01000011001100000010100111011111
11001011010001111101010100000011
10010010100111011010110001010111
10011000111110111100101000011011
10011111011111110010001011100101
01001011001010111101011011010101
00010001101001100101111100101110
01110110100110010100110010011010
00100111101110001110000100101111
11111100001000101100010101101100
00110110000010100110100100110100
00000000110010000001101110011111
11010010111010011001011100010011
01101110001000101011010110001101
10011010100101100011010011000110
10010000110100011001010010111100
00110000100011010000011101000111
00000010101110001100001011000101
01111110010101110001101011101100
11111100110101110011001000111010
11010001101011101000000101011011
11011010111011101010000111001011
10111100100110010001111111100110
10011010001001110110100100010100
01001000101000010000001101001110
00111101000101010000000001101100
11000011111111111101001001000111
10010111111001011110000010010101
10001110110000111011100011001111
00110010111100111011011011111001
11111000101010000100101110111001
01100101110111100001010000001010
00001100000100001000110010001100
10001001101011101101010001111000
00110001001101011100011001101101
01101000001010010111001101000101
00111110010100110011111001110010
00001111011011011100010000100100
00010010110011011001000001111111
01111001110011010101101101010100
11001011101010110001001100111011
10100010000001101011110100111110
10011001001111111110000111011101
00011111000001110000101001100111
00000101100011101111110101001111
01001100010101100111010000101011
01101100110110110110110111001110
00001000110101110101100111111011
10010010000000001001000000111111
11000100001000010011011110000100
00111101101001001101011110010111
10010001011111111001011010000000
01100100011111001101101001010011
10101110010110110100100000001001
00101100011000101101111111111110
00101011111110011111101011110101
00001100111011001010100111100011
01000010100010010110111010010011
01101101010110001110000101011011
11110001111011100111011100000001
00100110011101000011110111011010
10000010101110001011011011111100
01101110100111101101000110111101
01001011010000000001011100011000
00100100001100001110110000001000
10010011010001010100000010010100
10111001010001001101101100011100
10001111011101100000100100100001
00110000010011001100010101011111
01010100111010011011100101100010
10011100110011111101011110100011
01101010011101011000101101100010
11100100101010011010001001001001
00011100111011010011001101010001
01010010110011001011010011101100
01110101101101100011110100101010
11100101101011111111010101100100
00011001101101110010010011011000
10101111111011000100101000100010
01111010110001111011011010111001
00000011111010010100101000001011
11001000011001010111010111111011
00101101000101010000110010010011
10000111101111111011110101010100
00101101000101111001100010011001
10110110100111100011111101111001
01000100011111001101000110101000
10101100111110001111000110100100
00100000001001111101100010101000
11011101111100111111000111000110
01111101110010001100001110011010
11010111101110101000110101010101
10011100111100001101000000111011
00110110000111100110101110001101
00000010000010010100111100111110
11101000110110011111011001010011
11000100000001101000000101110011
10100100010101111110001010111000
00111001000011000101011000000001
01011000110110111000000110001111
10000000100001111101100100010111
01010111011010010011111101000000
11111011010111111110010110110111
00011111000001011100011010110111
00111011111100000101101100010011
11011001111111010101111111000001
00000110011000111101010111111010
00011001101101001001011010111111
10110100010001101111101100110110
00011010000010110100111110010111
10111011000110100010000000010111
10011110001101100010000001011101
01100111000101011011001011011010
10011001101011110000011100110000
10010111010000001101100101011011
10101010000010011001011100110000
10010111110101101011111010111001
00001110110010100111011000010011
00011011111110111101001100010001
11100110111010001100110001101011
01100110000000001101100111100011
11101110110011111111001010000000
00111110011100110000111100011011
01010110010000111000000110010010
11001111001011011000000010011011
11110011111111010110101110010110
00001110011101111111110001101111
00110101001000001100101010011010
11111000010010100011101101011110
10001110111000010010001100000100
00000100010100000110001110101011
01000010101010101001110101100000
11010111001001101000000100011100
00000011000111001011001101111011
00100000100111101110001011100010
11101011110010110001110001001100
01000011000111010010000010001101
00101111111111110011011100110100
10100101000110111011110101110000
01111011001111110010101011000101
01001000010010101000111000100000
01011111111010101001011110011011
00001110110000000010111011111001
11110100100110010010010111001101
00001011010111000111111111001101
10100100011010010100100111010100
00010110110011100001000100101001
01000110001100010000011110101001
11001101000010001010001101101000
00100101111100111001101100101001
01000100011100111010100100010101
00110111001100110011111000001010
11010010101110111000000001011010
10000000000111111001100111101111
11110101111110010110101001101100
10000100111011001111001110111110
01010111111101101011011001101111
11110110001100100001110000100000
11100011011011011001100100001010
01000001010010101110101101001101
01110001001001100111001000111011
11001101001001001010101011010100
10000100110011010101101000001010
00110000111010100000010111000011
00101011001010110100111110110101
00101111000100111000100010000011
01011000011101000011110011100110
10011000001100111101001101001010
11011100010100100101110111010110
01011001100001010100100100111000
10111111001011001001111010111000
01001010001010100100110111001001
10111110101001001000101001011100
11001000010100101110100111110110
00101100110101110001101101000110
11010101000001010111011101010000
11000011010100100111110110000011
10000011100000101000001111100000
00110111110011011011011011111000
01001001110010011000110100011011
01101110110110000000100101000001
11011000010111101010111111110101
00010011001011100001111000001100
11011111010101110010010001010110
11000111100110011001101110100000
00111111110110110100101011101011
11011011001110000001001110110100
11010101100010100001000011010010
00100000011010010001110110100111
11100101110111011000001110011101
10101011000111000111010000111100
10100111111010010011001010100001
00111101000101000111101111110011
11001010110101100110101101001001
01111001000100100101011000000011
11010011011111001000101010000010
11101000101111010011100101110000
11000101110111100100100011110101
00011110011100010010000011110100
11011011110000000000100011000011
01011111110100011001001100100100
11010010111111010110110000110001
11110111010000100101101011010110
10001111111011101101101010101111
11111010100110100001101110111100
10000010001111000101011110111010
11011010000011100001100101101101
01110001111100110101111101101101
01110101100000010000111111010011
01101100000101101011010000101001
01111011111100110001111010010011
10100001001011001001111110011111
11101110000011001110101101100110
11011001101010001110110010111111
00111101101110000000001111010100
10001111001011001000111110100111
10111101100001111000110101001110
01101001100110010101101101110100
11010110011110000011001111011101
01000100100001101101000101000111
00101011001100111010001100011111
00010101110010001110011101000010
00110110001111110111010000111001
00100111101001100000011111010001
10001101011001101010100000010010
11001000010010101001010000000110
11011100101010100011000100010101
00110101010101010100110000001000
10010101001110100111101110110010
11000011011111111011001010000010
10110110110110111001000100101010
01111111001101101000101000101010
11110100001010101010000111111001
11001100010001001110000010110110
01001010110111011100100100110010
10001001010110001000010001011111
11011101001011001001001001011101
11010101000100111001000011011111
11010111111111000110001111110001
00000111110110101101001010010000
10010110111000100001010011010010
10010000001010111101000001100011
10011110111101101101100110100100
11100010111100101001111000110011
10100100110110100100010011010100
11011100011110101011011110111101
10010000001010111011000001110101
10000000010101011101111011001001
11010111001100110011001010100011
00010000000110001100101010000111
11101011111011010110100101001100
01000100101101111000100111111001
01001000101111000011100100010111
11111100110110011111000000010110
10010011010111001110000111000111
01001010101110001011011001010010
10011000101101011111001011101100
10010001101110110000100011000101
11100101100011011000001110001000
00111001011110001010100100110110
00101110110010001010111000011001
00100000111011111001101011111000
01001000101101111111001111010101
00111011001100000000000000010010
11000011110111101110110001010011
11001101011111111000100001010101
00001111011110010110110010100010
01011110110011111111110110000001
11011000101101110111010011000011
10100101010010110011111001100001
10000111111111101101101001110011
01010001100110100110111011101110
00001010110000101000111001101001
00100001010000011011000001111001
10101110001110100011111011010111
01110001110011000110101110100001
10010010011101111110110000100011
11111010111001101000000100011100
11001100010001001101100011110000
01000010111111101100101101011100
00010010010001110110010010100110
10011110110001111010110110010011
01100000101010101111100010100010
10000011101001001011010000011011
00101000110001010110011101011000
01010011010110100111000110011011
01110011101001001010101011001110
01011000111011010001011000010010
00001111110011010101100100011010
01000000000100001011101011101000
01000011101110010000000011111100
00011011010011110101011101101011
10110001111111011111101111110110
11010101100111011100110101101100
10000110101111111000001000111101
01100100101001100000111000010110
10000111000101001011100100100011
01101111110101110101000000011100
00101100011010000100000001001100
00010001110111111101010101010011
10000111001000000110100011010111
11110110101100111100010101101011
00010110100001001011011101101101
00111000110110111011001111000111
11010001001011101001111011101110
11110000101110110110101110110010
01010111110010101001110011000101
10101100110100111110100010111010
10101101010101100100011111001011
00010101110010100000111101101000
01110101000010111110100001110010
00101000000011110000111001111000
10101101000101010100001110000001
00110111101011011101101100000010
00011111000010110010001010001011
01110011000011001111100110110010
01010001101110101011111010011000
11110100010011100011000001011100
11100110011010010001100100101000
01001100010001111100011010111000
10010100001100101001101111001001
01000110000001011001011001100100
10101010101000011101010010110110
10100100110000111011111101110110
10101110110101110001111001001001
11010010100110101101110011011010
00011100010101011001011100111110
11010101000100011001011110101000
11110001001110010100101110101001
00101101111110011010011111110000
10000000101111110110001101111100
11111010101000011000000110001010
00001110011110101001101001100100
00111001011011011101100100000001
01000000001100100011000111010010
10110001110110101000001010100000
00010100010111000101010101110001
10110001111011101011010101010110
10001000110011110011101001010010
11110001001100110001000001000111
00100000110010100100011001011000
01001111001000100000011111110001
01111011001011110001111111110001
11010111100000001001010111000110
10101010010110001011101110101001
01110000001010100101100010100100
01100010001101001100110111110010
10000011011110100000001010100101
01010000100111011100011011101110
00111110101001100100000010101111
11101111000001000001001111010000
00010001101100001100101110001111
01010000110000001000110110111100
01100111111101001010111001010010
11110100000000010100011100001010
00111100100001100011110100100000
10011110101011111101000010010000
01110001100010101101011001111001
10101011000001111010110010111101
10011111010101111010110100100010
10010011001010001101101111000100
10011100000110101111000111001110
01101011100101011001101110000111
11100111000101011100100000010001
00110100010111000111010000010010
10110111110011011000101000001111
01100110001101000111011110111000
11101011100101111000010001110010
10101011001100101110100000111101
11001000100111111100010011110100
00011101000001100100011011100110
10101111011010110100101100001000
00010110101100111101111010000001
01010001001110101110110111001110
11101100011100011000100001110101
11100110001001111010101100100010
01101010111010110010010100101010
01100011100100100011101011110111
11011011111010001011010110000101
10001110110000001110010010111001
00110110111010111100100011000011
01111110110100000010001010110110
11000110100000010011101111101110
01101110010010000010100111111110
00011101010010110011111001010100
10101110101101000011001011010101
00010010001110000001110101101100
01011100101110010100000011010001
00010000011000011011110001110001
00011111110101011010011011010001
00001101111101000101011100000010
01100100010110001011000101010101
11001010000101010001010111010011
10010001111010001001000011000110
10101110111001101110111101100000
01000101110101110011111110100010
10111011001010100000010110110100
10111110100011001110000011000000
11000001101100000111000010011000
10011000100100110010010100000001
01111110111111110100101111110010
01000000010000011001110100010010
10001101100000110110101000110111
00000010000001100000000101101110
01011001100001100100000100010101
10010000100100011110111100011010
10001011101000101101010111100111
10011111111110010010101001011100
11111000100000001101011111100111
10010100011011010000101000011011
00101010010101110101011000011110
11000000010100111101010000001100
00011101001000110110111001010100
01011011010101100001101110010101
01111011110101010001100101111000
00111001010101010001000100101010
10000001001000001110101100100001
10001010000101110010011110101100
11001011101110001111011101011000
01001011111011011000010101010011
10111010101100111100110100010010
00000100000111101001101011010110
11001010000000011001100010001011
11011101110111101011011101000011
11100100101111110000000111000010
01000011000000011101100110100110
01100001010001110001011010101000
01010111011010000011001101101100
01010011100011100000011100101010
11010111001010000000011011101111
00111000111001000010001011001000
10111010010110101001111110111011
11111110110110010100111101011000
00101001010000011111010011110011
00010000111101100111000010111000
01100001010110010001001010111110
01000011100110000010100101110000
10011010101000010001010001001111
11101011010011010000111101011000
00000011001001010111010101001110
10000010011000110001111110010010
11111100110010001010101111111111
11011000111010110011011101001010
01001111000011001000000110100101
11101110010110101010000010101000
11011111111111000100010011000011
10111100011001101111110011110011
00101010011111011001100101011101
00100000000010000010111011100111
00111110011010011010100101001110
10100000011011011001111011100011
01011000110111010000101011100100
10101001010011000111110001010011
10111001111110100001010000011110
10001101100101101100111100011110
11100010010101110001101110001100
11000110111100110011010011011011
11100101001101011101001001010110
01011010000110000110110100001000
01100011010001110110101100101000
10101111111111001001001101100110
11000101110111001100000111100100
01000000110001000001000110001101
00001000111001110001010100010111
11100001101100010100100000111100
11011111000111001100110111101110
01000100110001111111010011011110
00100100100100100111011111101110
00110010011110111110000000011111
01110110000111010101010101011100
11000111001010110101111111110011
01111001111011111101000001001110
11010101000111010001001110011101
11010001110111011110000111100110
01100100011001110101010011100011
10110001110000010011010100011000
10110111100100110110010010011111
00100010101010010011010000110001
10101000111110001000110000100100
01100010011101001001001001011000
00111110001010011000000101101100
10011110101110000010001001100010
10111111000001101100000100001011
00011010011010101100001100110101
01110001100101101100010001111111
10100101011110011111101001001101
11110011001001100010101111111011
11010000110101111101000101011000
01101000011101111000000100101110
01010000111111001000011111000000
00110010011110001100011111010101
10100101101010000011001110101010
11010010111100110011000000111100
01111011101001101101000100011111
10000111101110001111101000101011
00011110101101011001001100111010
11111010010011000011110100000110
01001101000000010001011001100011
11111101000101111101111101101110
00010100110010111101111101001110
01001011100000000010100100001100
00010101001100100001000010010010
00101100010010110110010000111000
00011000100010010000101000001000
11110111110111110011101001110000
01001111101000011010101001000010
00000001111100110010010010000000
11101001110000001111010011110101
01000101100100011000001111011001
01110110100000100000111000011100
10010100010110000010010100000010
10111010000100111001100000101001
11011100011101000100000101000101
10111101011001000011010011111000
11100001000000111111000010110000
00101010101011100001110011110101
11110011000101100000001000001001
10000010000000111100111111110110
01011100011001111011111011100011
11100010000111011001111000001011
01110111100010000000110100010001
11010011001110011101011010000010
10011011111101010010110010011111
01110001001100001111011011111101
10101100111001000001011110000110
10010111111011101111100001111111
01010100110101101011000101010011
11111110000101100111011000000111
01010110001011011011010011100111
10110010010011111010110101000001
01001101110101011001001100000101
01011001101101010100000010010010
11011111001100110001110000011111
10000011000111101110010100000010
11010101010010110011101010111001
11101011011000010010000011110111
11001001101111011100001010100001
10011111011010100101110010101001
11101011100101000000111111000101
01001101101111101111011010000100
01001000010111110001110001100010
10100010010010000100110011100001
11011110011110011011010001011001
00010110111101011010011000001010
10100011011110101101001000001110
00000001001110110111110011101001
01100000010111001111011010100010
10100010110110101100011000010011
10111110010010001010110010010101
00100011010010101011011101000010
00011010011100010011001110110110
00100100110001111011001010110110
01011100001001101111110110000100
01010111010001001101001001011100
00101111010010010101010111001110
01001101110011111110111001110010
01000110011111000001001110000011
10110111110010110110000110110000
10111101010111101100010000001010
00011100001100000100111001110011
10100111001101010100110011001100
01110111011110110011110111000010
10110101011100011011010111000001
01111101110101010011011100101110
10100011010000100001111011010101
10010010111100011010101011010110
11011001000011001011110010100101
10111101001011110001011110111011
01001110010001001110100111101011
00010011100111010111100000110111
10000000010100110010101000010110
11010101001000111000001010011001
00110011000100001010110100010101
01000001100000000100001010110011
00100000111110011110011100001110
01011100000111110001100111111010
00111100110100110010010001001110
00000111100000100010000110100001
10111001001101101110001111011011
01001001011000110000111001111101
01110000000110101011011111101110
00100111000001010111111001101111
01000000011001100111000111001010
01100100001010010001111100001000
10010001110111111111101101111101
11110110110001010001101101100101
11011110011101001111111011110110
10000111110011100100101101010111
01010010100010111011101001001111
01010101010110000001110010101001
11111001110011101100101000111000
11111101101010010110010000000011
11011001111110010010101100100010
00000100011101000111100111011100
00100000010100000000100010110110
00110010001011111100011111100100
01110001010110011101010001001001
11101111010001111011000101001110
11111001010011111001111111010111
01001110101001110100110000010010
11011011010001010001111010001011
10001001111101011111100111010010
01001010011011101100110100001010
00110111011001101000001101001100
11010101001000011011101110010010
00011011111011110111010000101011
01000111110011000010011010010000
11010100111010110001001110010000
00001000100110111001000010110010
00110111001101011010100101111110
11001001111011101010110101001101
11110100101101100110101010101100
11100010100111011100101001001111
11000000101111001110010100110110
00010001001111010111011010101100
10010100111110000110010011000100
01101110001000010010111000000110
00100000011101110100000100001001
01001110100111110100010101111010
10011000101011110010110110110010
00101110001011111010001011110000
00011000100010010101001100011011
10000010111100111010010101010100
10001110000000000100100111100011
10000001000011011011000010000111
10011011011111000011111001111100
10101000010001101001011001000001
10010000110011100010011011001111
01011110000110111110010011000000
10011111111111011100110001111100
11010111000011100011101001111100
11010111001001110000101010111100
00010011110111100101001011011011
00010000111011011001110111000000
10110101001101101001001010010011
00011000001110111000011000101101
10000110101010101100010111101010
11011001010000111101101010110011
10010101001101010011100110011101
11010010000011010111110111001010
11001010010000100110010001101000
11011001111111111000000000001011
00011111010100110111110001110000
00100011100101100111001110100001
00100001110100101001110101010111
11101001011111111101100111110010
11100110001100000100101000000010
11101010001101011111110100110111
11010111110011011101100100011100
10010100011100001100100000010100
11111011010110100110101000001000
01111110110000110010110000100111
11011010111100000000000111000100
11011010100001100110111000000101
00111000001111111101110100110000
01011101010000110101010101101101
10100001001101111100110011101010
00101001100001100000100010011010
11101000110101110110100010001010
00001011011001000110110110111101
01010001101110010001101000100010
00010110110000001010001111101111
01101111111101000000000010101101
00101111101001000000100011011011
10010101001100100101001100000101
00010110001111000000110011110110
10100010111111010111010011111101
00101110101111101011110011111101
00101100110100101000111111100100
10010000100010000000010011011010
01011001010001000110101100101110
10100001011001001001100100110111
10110111001100110110001110011101
11100001101000110101010000111010
10001101101010101010111100111000
11101001101011001010010111010100
01110000011100001000111110100010
00101100001000111000111010101101
00110111100011111001000111100001
11001001000100100001111110100111
00111010001001000101100101010101
00001101010101100101000101010000
01010100100111011101000101101010
10100000101001001101001101010000
10110000011111101110000011100101
00111101110100010111101010110100
00010101101011001000111001111011
00001110111010001001111101001011
10001101111111000101001001100110
10010110011101101011000101101101
10100001110111111011011100010100
01011011011010001101101110100100
10111110001010001011010011010101
01110100000011111001100000010101
01110000111000110000110111001000
10011100100101101011111000100011
01010001110101010101111101100000
10000110010000110101111111001000
10111000011010101010111110101010
00000100010111111000111001100010
00010100011110110010010111110111
00010110110001110011101100100101
10010010110000101111110010001101
00111101000000010101000101010111
11010001111001110101101001010000
00000101101101001000101010110011
10110001111010010101110010001000
11000001100100001001000000100111
11001101101110110110111011101100
10000011001100100101010000010110
00001001010001100101110011011100
11111001010011110100011101110000
10010001001100101110100101101011
01011001011011101000111101001011
01100111111010010011101100011110
00100111111001110101111001011100
01010001110011010011111011100100
01001000110001011011001011010011
00001001101110110110001001001101
01011001110111000101111000000101
10101101011110001010111111111010
11011101100111010111111010110010
00011000000000101011011111000010
11100000110001000101000010001100
11111101100101011010011000111100
01000100001001100001001101101111
10010111010011010110010011101111
10001101110101000000111001001010
10010111010010110111011011100011
01110011111011100100000011111000
00010101001101011011111101110111
01110001111010100011001100011101
10110010001000101100010010101110
10100000100000110001110110111101
11011011110101110111001101100011
11001000011000110010010000100111
01001001110011100100010101110101
11010010011011101000111001111100
00000011000111111010110010110011
01110101011110011011000011111101
11001000011011100010010011111110
00011111000001100001110011110010
00110100111101110101011010111010
00101101100101101110010111010011
01111010111101110011101010001110
01100011100101101100100100101101
11110000100000000010001000010010
11010100111000011000100100000001
11001010011010011011111000011111
01110000001110001001000100110100
10000111010011010011001100010100
10100000111010000001010010100000
01000110101100000110010011101110
00000100110000111011001100111011
01101110101010011010001001001111
00000100111110001101101101101111
01011010010011110101011000001001
10001001110111010000110011010111
11100101101111111010000111001101
01101101111011111111110010011100
01000000010100000011100010011000
01011111101010100111111001010000
11111110111100011100111110101100
10101011110101010000011110001000
00101111010101000010111001100001
10001000111111010010110111011001
11001101100100000111011101100001
10111001101001000101010100111001
01000111001011000000000111011010
11010100000011001011101101001111
10110111000000101111101110011111
00000011111000100110111011010011
00101101010000111100110000100111
10101110111011011100000101011001
10100001000011101000110010000011
01010101010100011111111010010001
01001101100010001001011011001010
00100010100010010011101101011001
01100011111110111000100010101100
10101001111000110110001001001001
10111110010010100000111001010111
11111000101010110010111010010011
01101000001100101101100000010101
11100101001010011011110010000110
11100000100011110010010100111100
00001000111001101011010111111010
10010000100101010110110110001010
00100111111111000010000101110010
10010001010111001101000111111100
10101100111110111010100110001100
01010101100100110101111001110101
10010100110001011001111101111110
00111101110011111001000010110010
10001110111111101111011011001100
01110110001100110110010111101100
00101100101010010011100000000111
10110010101001101001010110100100
01010100010100101111001000101110
01101110011101010111101100001001
01010101010000011111111100110001
10111010100100011110010010110011
00010111010111011111001100000001
00111111110101100011011100101110
00000000110011010101000001001101
00101101110000100101111100101111
10011000010111010010011011000110
10101001111011110000011100000011
11000010010010000010011110111000
10111111011110011101001000011001
00001110110011111110101110011100
01101010001110000000011010010001
11000000011100110110100000010100
11100001010110100010010010110010
01010111110011110010011100101111
10011100110001001011101000000011
11010011001100101000011110100000
01100010001010111011000001000000
00011011100110111001000000100110
10111001001001111001100100001010
01101011010110111010110101101100
01111111111011010100000111110011
10111100010111000111010101110010
00101101010000100011010010111010
10011001000001000000111010001011
11110100001101110111111001100110
00111111001010101001111000110000
00010111110101010000111001100010
01100100001010101110001010011011
10000010010000011100010011101111
01101001000001000111111111001100
00001111001010100011001101100000
01111010110001110010110000101001
11110111110000100100011110000101
01100111001011100111110101011001
10111000100001110110111101010110
01010100100010101110100100101101
11011111101100001100010111000000
01001101010001010111111101101101
00111011000110100010001001110010
00000011010011010001000011100010
01000110000001100101110010001000
10110101111100010101000000101001
00001111111111110010010110000101
11000001101110011000101100101110
11000011100001011010100101000110
01110010001011110111111100010011
00111010111011100101010111100011
11111010000001110101000111110100
00110000001000101000110101000100
00100100110010001100000010010000
01011110010001001111011100101100
01101011111010011101101101101100
01111100001011001011000110111100
01010101010101010110101001011011
01011000011000010101101001110101
11011001011100101011111100000101
00101101111101011000011010000010
00111000000101000111010110000110
00101000110111011100010011101111
00111100001000000001100000010101
01100100011110010001111011001111
00001011101001110110011010101000
11010111101010110110011010010111
11001001111000000101111000110010
11100001111101110101001110001101
00010010110100101101101110111010
10100011010101100111110000010110
10101011010011010100001101000001
01011010110110001101010001100110
11100000001010011110011010111110
00101110001000011000100001001011
10011010011100000010111101011000
11001111000010011110100010010000
11001111101010011011000011100110
11010111000111011111010101011111
01001010001000110100010110000000
01011010111100010000100111100100
00111001110110100000011101111100
10111000101010101001101000111001
11101000000100000111011011011101
11010110111100110011110000110001
00100000011010001100110001101110
10011000010101110001001010110100
01111100100110110111000011011011
00001011000000110110111111001100
00000000001001111000010000010101
11010111011111110001001010000010
10001111000000000101111100011010
10010100000010001111110010001001
01000111100110110101110110100101
00000111111010110010110000011100
00011100101010010100010111100111
00010100011001001101011100010010
11100100000000111110001000101001
00101111000110111000010001110011
10100011111111000001110111011001
11110100110000000100000010000000
01001100101110010000101110011011
10101010010001010110001101100101
01011010101000001010111010000100
00011000011111001100001011100101
01110110010100100110011101001010
10011111111000110001010111100010
11101001110101001011110111011101